
$orca_hessian_file

$act_atom
  0

$act_coord
  0

$act_energy
     -200.397037

$multiplicity
  1

$hessian
12
                    0                  1                  2                  3                  4        
    0      2.7303340117E-01   4.2637605095E-02  -2.9504543781E-01  -2.5121658959E-01  -4.2722507723E-02
    1      4.2637605095E-02   1.2182977904E-02  -5.0540419871E-02  -4.2901444217E-02  -1.2270348002E-02
    2     -2.9504543781E-01  -5.0540419871E-02   3.5053617917E-01   2.9259426911E-01   5.1047532526E-02
    3     -2.5121658959E-01  -4.2901444217E-02   2.9259426911E-01   2.5034320112E-01   4.2357168071E-02
    4     -4.2722507723E-02  -1.2270348002E-02   5.1047532526E-02   4.2357168071E-02   1.2545548988E-02
    5      2.9156765735E-01   5.1080853568E-02  -3.5297519222E-01  -2.8934514328E-01  -5.2554562098E-02
    6     -6.7823041654E-04  -1.0239023558E-03   5.1286151917E-03   1.5677402344E-03   1.5620159938E-03
    7     -1.2065131701E-03  -4.6160806902E-03  -7.6555117673E-04   1.5615992675E-03   4.3451228524E-03
    8      6.1516342863E-03  -7.9886570377E-04  -1.3899443442E-03  -8.3781587323E-03   2.2680476788E-03
    9     -2.1138581160E-02   1.2877414736E-03  -2.6774464821E-03  -6.9435176022E-04  -1.1966763186E-03
   10      1.2914158031E-03   4.7034507887E-03   2.5843853080E-04  -1.0173231438E-03  -4.6203238384E-03
   11     -2.6738538426E-03   2.5843199754E-04   3.8289573959E-03   5.1290329089E-03  -7.6101810936E-04
                    5                  6                  7                  8                  9        
    0      2.9156765735E-01  -6.7823041654E-04  -1.2065131701E-03   6.1516342863E-03  -2.1138581160E-02
    1      5.1080853568E-02  -1.0239023558E-03  -4.6160806902E-03  -7.9886570377E-04   1.2877414736E-03
    2     -3.5297519222E-01   5.1286151917E-03  -7.6555117673E-04  -1.3899443442E-03  -2.6774464821E-03
    3     -2.8934514328E-01   1.5677402344E-03   1.5615992675E-03  -8.3781587323E-03  -6.9435176022E-04
    4     -5.2554562098E-02   1.5620159938E-03   4.3451228524E-03   2.2680476788E-03  -1.1966763186E-03
    5      3.6098309852E-01  -8.3782491819E-03   2.2682535418E-03  -6.6230140489E-03   6.1557351061E-03
    6     -8.3782491819E-03   2.5031627246E-01   4.3064304654E-02  -2.8924248699E-01  -2.5120578228E-01
    7      2.2682535418E-03   4.3064304654E-02   1.2783095460E-02  -5.3359215258E-02  -4.3419390758E-02
    8     -6.6230140489E-03  -2.8924248699E-01  -5.3359215258E-02   3.6078082410E-01   2.9146901143E-01
    9      6.1557351061E-03  -2.5120578228E-01  -4.3419390758E-02   2.9146901143E-01   2.7303871520E-01
   10     -7.9454500961E-04  -4.3602418286E-02  -1.2512137622E-02   5.1890033277E-02   4.3328325615E-02
   11     -1.3848922487E-03   2.9249212098E-01   5.1856512898E-02  -3.5276786571E-01  -2.9494730005E-01
                   10                 11        
     0      1.2914158031E-03  -2.6738538426E-03
     1      4.7034507887E-03   2.5843199754E-04
     2      2.5843853080E-04   3.8289573959E-03
     3     -1.0173231438E-03   5.1290329089E-03
     4     -4.6203238384E-03  -7.6101810936E-04
     5     -7.9454500961E-04  -1.3848922487E-03
     6     -4.3602418286E-02   2.9249212098E-01
     7     -1.2512137622E-02   5.1856512898E-02
     8      5.1890033277E-02  -3.5276786571E-01
     9      4.3328325615E-02  -2.9494730005E-01
    10      1.2429010672E-02  -5.1353926792E-02
    11     -5.1353926792E-02   3.5032380056E-01

$vibrational_frequencies
12
    0        0.0000000000000000
    1        0.0000000000000000
    2        0.0000000000000000
    3        0.0000000000000000
    4        0.0000000000000000
    5        0.0000000000000000
    6      155.3848713760770863
    7      235.1613853302636130
    8      514.0337099882058283
    9      759.7200195151723392
   10     4079.5948542492810702
   11     4112.7383221336303905

$normal_modes
12 12
                    0                  1                  2                  3                  4        
    0      0.0000000000E+00   0.0000000000E+00   0.0000000000E+00   0.0000000000E+00   0.0000000000E+00
    1      0.0000000000E+00   0.0000000000E+00   0.0000000000E+00   0.0000000000E+00   0.0000000000E+00
    2      0.0000000000E+00   0.0000000000E+00   0.0000000000E+00   0.0000000000E+00   0.0000000000E+00
    3      0.0000000000E+00   0.0000000000E+00   0.0000000000E+00   0.0000000000E+00   0.0000000000E+00
    4      0.0000000000E+00   0.0000000000E+00   0.0000000000E+00   0.0000000000E+00   0.0000000000E+00
    5      0.0000000000E+00   0.0000000000E+00   0.0000000000E+00   0.0000000000E+00   0.0000000000E+00
    6      0.0000000000E+00   0.0000000000E+00   0.0000000000E+00   0.0000000000E+00   0.0000000000E+00
    7      0.0000000000E+00   0.0000000000E+00   0.0000000000E+00   0.0000000000E+00   0.0000000000E+00
    8      0.0000000000E+00   0.0000000000E+00   0.0000000000E+00   0.0000000000E+00   0.0000000000E+00
    9      0.0000000000E+00   0.0000000000E+00   0.0000000000E+00   0.0000000000E+00   0.0000000000E+00
   10      0.0000000000E+00   0.0000000000E+00   0.0000000000E+00   0.0000000000E+00   0.0000000000E+00
   11      0.0000000000E+00   0.0000000000E+00   0.0000000000E+00   0.0000000000E+00   0.0000000000E+00
                    5                  6                  7                  8                  9        
    0      0.0000000000E+00  -2.9116115418E-02  -4.9532358124E-01   1.3852212857E-03   2.8890669423E-02
    1      0.0000000000E+00   5.1222702286E-03   1.4997970869E-02   3.6877053556E-02  -4.1981517525E-04
    2      0.0000000000E+00  -2.3477856763E-02   5.0442158527E-03   6.4661377677E-03  -3.2026764822E-03
    3      0.0000000000E+00   5.4131507569E-01  -5.0775824082E-01  -2.4607551376E-02  -5.3729286804E-01
    4      0.0000000000E+00  -9.5690414201E-02   1.5025133227E-02  -6.9498824308E-01   9.6631117979E-02
    5      0.0000000000E+00   4.4263495198E-01   1.1431829599E-03  -1.2265191072E-01  -4.4856170056E-01
    6      0.0000000000E+00   5.4218552001E-01   5.0005845372E-01  -2.2315872034E-02   5.3733617771E-01
    7      0.0000000000E+00  -9.6844076734E-02  -1.5614836603E-02  -6.9504194963E-01  -9.4544475140E-02
    8      0.0000000000E+00   4.4242985308E-01  -7.7477402132E-03  -1.2228533908E-01   4.4878969803E-01
    9      0.0000000000E+00  -2.8372493933E-02   4.9573211821E-01   1.1044518798E-03  -2.8892967357E-02
   10      0.0000000000E+00   5.0932665048E-03  -1.4966682259E-02   3.6875469564E-02   3.0910162743E-04
   11      0.0000000000E+00  -2.3482103418E-02  -4.6937898230E-03   6.5297958987E-03   3.1905793432E-03
                   10                 11        
     0     -2.3842212480E-02   2.3977382151E-02
     1     -4.1701833803E-03   4.1680723297E-03
     2      2.8419560378E-02  -2.8443229813E-02
     3      4.4236946429E-01  -4.5192675656E-01
     4      8.0494663483E-02  -7.8554354776E-02
     5     -5.4521295826E-01   5.3606860546E-01
     6     -4.4159777330E-01  -4.5262205247E-01
     7     -8.1659814376E-02  -7.9961861759E-02
     8      5.4416297792E-01   5.3679975516E-01
     9      2.3801267932E-02   2.4016364533E-02
    10      4.2320042089E-03   4.2425154305E-03
    11     -2.8363850294E-02  -2.8481252106E-02

#
# The atoms: label  mass x y z (in bohrs)
#
$atoms
4
 F     18.99800     -1.887263420197     4.559917822879    -0.010078327555
 H      1.00800     -3.010300682709     4.364826535195     1.320683135092
 H      1.00800     -5.556565685475     4.879473924154    -1.158372217905
 F     18.99800     -6.679524256116     4.681222284728     0.171980907911

$actual_temperature
  0.000000

$frequency_scale_factor
  1.000000

$dipole_derivatives
12
   -5.1086745669E-01    1.4158893430E-02   -6.3327895952E-02
    1.8497833773E-02   -4.1235446142E-01   -3.1907956249E-03
   -8.7101433127E-02   -2.2843876051E-03   -3.8392265565E-01
    5.1099465976E-01   -1.4125469743E-02    6.3295030731E-02
   -1.8385312877E-02    4.1233127269E-01    3.2165935208E-03
    8.7144127320E-02    2.3104322363E-03    3.8390457373E-01
    5.1095438167E-01   -1.4256987759E-02    6.3269327727E-02
   -1.8600981008E-02    4.1233087762E-01    3.2791603183E-03
    8.7108705698E-02    2.3529178866E-03    3.8391868794E-01
   -5.1108158475E-01    1.4223564073E-02   -6.3236462505E-02
    1.8488460112E-02   -4.1230768889E-01   -3.3049582142E-03
   -8.7151399891E-02   -2.3789625178E-03   -3.8390060602E-01

#
# The IR spectrum
#  wavenumber eps Int TX TY TZ
#
$ir_spectrum
12
      0.00   0.00000000   0.00000000     0.000000     0.000000     0.000000
      0.00   0.00000000   0.00000000     0.000000     0.000000     0.000000
      0.00   0.00000000   0.00000000     0.000000     0.000000     0.000000
      0.00   0.00000000   0.00000000     0.000000     0.000000     0.000000
      0.00   0.00000000   0.00000000     0.000000     0.000000     0.000000
      0.00   0.00000000   0.00000000     0.000000     0.000000     0.000000
    155.38   0.11664890 589.49571184     0.404113    -0.059058     0.259758
    235.16   0.00000066   0.00332441    -0.000783    -0.000031    -0.000508
    514.03   0.06852888 346.31687941    -0.006869    -0.200727    -0.035559
    759.72   0.00000014   0.00068888    -0.000002     0.000235     0.000024
   4079.59   0.00000008   0.00040991     0.000042    -0.000051    -0.000043
   4112.74   0.05289252 267.29711334    -0.045298    -0.006195     0.043853


$end

