
$orca_hessian_file

$act_atom
  0

$act_coord
  0

$act_energy
      -56.371292

$multiplicity
  1

$hessian
12
                    0                  1                  2                  3                  4        
    0      5.9484557778E-01   4.2093478126E-01   1.8078484168E-01  -1.8641366314E-01  -5.9166334136E-02
    1      4.2093478126E-01   3.4253542022E-01  -2.4298310553E-01  -5.9131115439E-02  -1.9669665201E-02
    2      1.8078484168E-01  -2.4298310553E-01   8.0348759621E-01  -2.2839914170E-01   1.6028847857E-03
    3     -1.8641366314E-01  -5.9131115439E-02  -2.2839914170E-01   1.9088891017E-01   4.6963075801E-02
    4     -5.9166334136E-02  -1.9669665201E-02   1.6028847857E-03   4.6963075801E-02   2.3424694779E-02
    5     -2.2838802450E-01   1.5746975370E-03  -3.7422369864E-01   2.3555391066E-01   7.4056053211E-03
    6     -3.3749560868E-01  -2.5963875621E-01  -2.3674852513E-02  -1.0389183324E-02  -5.1802541828E-03
    7     -2.5965702893E-01  -1.7737570976E-01   2.1225277058E-02   7.7053073799E-03  -2.8386654701E-03
    8     -2.3657507508E-02   2.1204971312E-02  -6.5418299872E-02  -2.1521468345E-02  -2.1773040125E-02
    9     -7.0936305962E-02  -1.0216490961E-01   7.1289152532E-02   5.9139362908E-03   1.7383512516E-02
   10     -1.0211141820E-01  -1.4549004526E-01   2.2015494368E-01   4.4627322593E-03  -9.1636410771E-04
   11      7.1260690322E-02   2.2020343668E-01  -3.6384559770E-01   1.4366699386E-02   1.2764550021E-02
                    5                  6                  7                  8                  9        
    0     -2.2838802450E-01  -3.3749560868E-01  -2.5965702893E-01  -2.3657507508E-02  -7.0936305962E-02
    1      1.5746975370E-03  -2.5963875621E-01  -1.7737570976E-01   2.1204971312E-02  -1.0216490961E-01
    2     -3.7422369864E-01  -2.3674852513E-02   2.1225277058E-02  -6.5418299872E-02   7.1289152532E-02
    3      2.3555391066E-01  -1.0389183324E-02   7.7053073799E-03  -2.1521468345E-02   5.9139362908E-03
    4      7.4056053211E-03  -5.1802541828E-03  -2.8386654701E-03  -2.1773040125E-02   1.7383512516E-02
    5      3.8233187701E-01   8.5370172110E-03   5.9056525966E-04   5.0652901246E-03  -1.5702903370E-02
    6      8.5370172110E-03   3.5121345868E-01   2.5970526030E-01   1.8325840144E-02  -3.3286666754E-03
    7      5.9056525966E-04   2.5970526030E-01   1.9079055794E-01  -1.3373088786E-02  -7.7535387550E-03
    8      5.0652901246E-03   1.8325840144E-02  -1.3373088786E-02   5.4611129390E-02   2.6853135708E-02
    9     -1.5702903370E-02  -3.3286666754E-03  -7.7535387550E-03   2.6853135708E-02   6.8351036347E-02
   10     -9.5708681206E-03   5.1137500982E-03  -1.0576182709E-02   1.3941157601E-02   9.2534935846E-02
   11     -1.3173468497E-02  -3.1880048401E-03  -8.4427535334E-03   5.7418803575E-03  -8.2439384869E-02
                   10                 11        
     0     -1.0211141820E-01   7.1260690322E-02
     1     -1.4549004526E-01   2.2020343668E-01
     2      2.2015494368E-01  -3.6384559770E-01
     3      4.4627322593E-03   1.4366699386E-02
     4     -9.1636410771E-04   1.2764550021E-02
     5     -9.5708681206E-03  -1.3173468497E-02
     6      5.1137500982E-03  -3.1880048401E-03
     7     -1.0576182709E-02  -8.4427535334E-03
     8      1.3941157601E-02   5.7418803575E-03
     9      9.2534935846E-02  -8.2439384869E-02
    10      1.5698259208E-01  -2.2452523316E-01
    11     -2.2452523316E-01   3.7127718584E-01

$vibrational_frequencies
12
    0        0.0000000000000000
    1        0.0000000000000000
    2        0.0000000000000000
    3        0.0000000000000000
    4        0.0000000000000000
    5        0.0000000000000000
    6     -893.4874710391761710
    7     1635.0122952692395302
    8     1635.5162593140503304
    9     3749.2584003792976546
   10     3974.7671574940395658
   11     3974.9256188779008880

$normal_modes
12 12
                    0                  1                  2                  3                  4        
    0      0.0000000000E+00   0.0000000000E+00   0.0000000000E+00   0.0000000000E+00   0.0000000000E+00
    1      0.0000000000E+00   0.0000000000E+00   0.0000000000E+00   0.0000000000E+00   0.0000000000E+00
    2      0.0000000000E+00   0.0000000000E+00   0.0000000000E+00   0.0000000000E+00   0.0000000000E+00
    3      0.0000000000E+00   0.0000000000E+00   0.0000000000E+00   0.0000000000E+00   0.0000000000E+00
    4      0.0000000000E+00   0.0000000000E+00   0.0000000000E+00   0.0000000000E+00   0.0000000000E+00
    5      0.0000000000E+00   0.0000000000E+00   0.0000000000E+00   0.0000000000E+00   0.0000000000E+00
    6      0.0000000000E+00   0.0000000000E+00   0.0000000000E+00   0.0000000000E+00   0.0000000000E+00
    7      0.0000000000E+00   0.0000000000E+00   0.0000000000E+00   0.0000000000E+00   0.0000000000E+00
    8      0.0000000000E+00   0.0000000000E+00   0.0000000000E+00   0.0000000000E+00   0.0000000000E+00
    9      0.0000000000E+00   0.0000000000E+00   0.0000000000E+00   0.0000000000E+00   0.0000000000E+00
   10      0.0000000000E+00   0.0000000000E+00   0.0000000000E+00   0.0000000000E+00   0.0000000000E+00
   11      0.0000000000E+00   0.0000000000E+00   0.0000000000E+00   0.0000000000E+00   0.0000000000E+00
                    5                  6                  7                  8                  9        
    0      0.0000000000E+00   6.9810851254E-02   9.5139848183E-03   6.5819099757E-02   8.9894267815E-07
    1      0.0000000000E+00  -9.3818391497E-02  -2.5464757723E-02   4.5893022244E-02  -8.0446633250E-06
    2      0.0000000000E+00  -4.0290491346E-02   7.5844531088E-02   7.1567454798E-03   1.5070977354E-05
    3      0.0000000000E+00  -3.2315693459E-01   3.0872187441E-01  -3.8416235374E-01  -3.2379594895E-01
    4      0.0000000000E+00   4.3456747195E-01   3.0171250204E-01  -4.3115412092E-01  -3.6125708249E-02
    5      0.0000000000E+00   1.8661123423E-01  -1.6776447480E-01   3.3822035947E-01  -4.7667850430E-01
    6      0.0000000000E+00  -3.2352323806E-01  -1.5181923816E-01   4.0317097119E-02   4.6485966538E-01
    7      0.0000000000E+00   4.3465607140E-01   2.1537235225E-01   5.5753552047E-02   3.4254211356E-01
    8      0.0000000000E+00   1.8652504227E-01  -7.6457881082E-01  -5.9860612337E-02   8.0577560148E-03
    9      0.0000000000E+00  -3.2339978123E-01  -2.8910738362E-01  -5.7076598376E-01  -1.4107620799E-01
   10      0.0000000000E+00   4.3446118848E-01  -1.6323082509E-01  -2.6232121939E-01  -3.0630461801E-01
   11      0.0000000000E+00   1.8673367617E-01  -1.2157967763E-01  -3.7780868953E-01   4.6841132450E-01
                   10                 11        
     0      5.7439057657E-02   4.2081175827E-02
     1      1.5959259117E-02   5.3911926703E-02
     2      6.2335346669E-02  -5.2564749699E-02
     3     -4.4612440349E-01   9.5373401683E-02
     4     -4.8135490569E-02   1.8797758044E-02
     5     -6.6040077100E-01   1.2139782601E-01
     6     -4.2744218039E-01  -4.9577190557E-01
     7     -3.1934690106E-01  -3.6158496987E-01
     8      2.6988226934E-03  -1.7399817973E-02
     9      7.5403011854E-02  -1.8435450188E-01
    10      1.4571518681E-01  -4.0636393631E-01
    11     -2.0849963979E-01   6.2643299300E-01

#
# The atoms: label  mass x y z (in bohrs)
#
$atoms
4
 N     14.00700     -3.089874674774     1.362960257982     0.152305940625
 H      1.00800     -4.144561989621     1.245364266628    -1.400170112161
 H      1.00800     -1.576201782885     2.478511919868     0.178515293282
 H      1.00800     -3.549676580294     0.365021562158     1.678445405740

$actual_temperature
  0.000000

$frequency_scale_factor
  1.000000

$dipole_derivatives
12
   -6.9524343748E-01    3.1259889957E-01    1.3440897700E-01
    3.1271565621E-01   -8.8227835765E-01   -1.8060070235E-01
    1.3445330291E-01   -1.8059295276E-01   -5.4049542516E-01
    2.3201780771E-01   -1.0422626126E-01   -4.5936770688E-02
   -1.0382629930E-01    2.9441090406E-01    5.9777547677E-02
   -4.5723092082E-02    6.0099888889E-02    1.7995836057E-01
    2.3155693683E-01   -1.0522214604E-01   -4.4822977134E-02
   -1.0538721459E-01    2.9422795360E-01    6.0103649487E-02
   -4.5086576677E-02    6.0514750369E-02    1.8152516134E-01
    2.3166869294E-01   -1.0315049227E-01   -4.3649229179E-02
   -1.0350214231E-01    2.9363949998E-01    6.0719505186E-02
   -4.3643634147E-02    5.9978313505E-02    1.7901190325E-01

#
# The IR spectrum
#  wavenumber eps Int TX TY TZ
#
$ir_spectrum
12
      0.00   0.00000000   0.00000000     0.000000     0.000000     0.000000
      0.00   0.00000000   0.00000000     0.000000     0.000000     0.000000
      0.00   0.00000000   0.00000000     0.000000     0.000000     0.000000
      0.00   0.00000000   0.00000000     0.000000     0.000000     0.000000
      0.00   0.00000000   0.00000000     0.000000     0.000000     0.000000
      0.00   0.00000000   0.00000000     0.000000     0.000000     0.000000
   -893.49   0.00000000   0.00000000     0.000000     0.000000     0.000000
   1635.01   0.00790743  39.96091543    -0.004509     0.012114    -0.036635
   1635.52   0.00787350  39.78944001    -0.031703    -0.022037    -0.003403
   3749.26   0.00000009   0.00043695     0.000022    -0.000059    -0.000057
   3974.77   0.00871134  44.02355845    -0.017427    -0.004808    -0.018898
   3974.93   0.00870774  44.00533695    -0.012732    -0.016397     0.015896


$end

