
$orca_hessian_file

$act_atom
  0

$act_coord
  0

$act_energy
      -76.263972

$multiplicity
  1

$hessian
9
                    0                  1                  2                  3                  4        
    0      2.5171093743E-01   2.3237534197E-01   1.5872120158E-01  -2.2040747822E-02  -7.8566007696E-03
    1      2.3237534197E-01   5.4836589868E-01  -1.5915454316E-01   2.4019558655E-02  -2.7066682357E-01
    2      1.5872120158E-01  -1.5915454316E-01   3.8105574351E-01  -5.4557075881E-02   2.3649905351E-01
    3     -2.2040747822E-02   2.4019558655E-02  -5.4557075881E-02   2.3453042869E-02   2.9471940659E-03
    4     -7.8566007696E-03  -2.7066682357E-01   2.3649905351E-01   2.9471940659E-03   2.9691635522E-01
    5     -2.5255686268E-02   2.8373398610E-01  -2.9780910830E-01   3.1957235988E-02  -2.6795975040E-01
    6     -2.2967018961E-01  -2.5639490063E-01  -1.0416412570E-01  -1.4122950469E-03   4.9094067059E-03
    7     -2.2451874120E-01  -2.7769907511E-01  -7.7344510359E-02  -2.6966752723E-02  -2.6249531652E-02
    8     -1.3346551531E-01  -1.2457944294E-01  -8.3246635213E-02   2.2599839891E-02   3.1460696883E-02
                    5                  6                  7                  8        
     0     -2.5255686268E-02  -2.2967018961E-01  -2.2451874120E-01  -1.3346551531E-01
     1      2.8373398610E-01  -2.5639490063E-01  -2.7769907511E-01  -1.2457944294E-01
     2     -2.9780910830E-01  -1.0416412570E-01  -7.7344510359E-02  -8.3246635213E-02
     3      3.1957235988E-02  -1.4122950469E-03  -2.6966752723E-02   2.2599839891E-02
     4     -2.6795975040E-01   4.9094067059E-03  -2.6249531652E-02   3.1460696883E-02
     5      2.9322448999E-01  -6.7015497179E-03  -1.5774235700E-02   4.5846183066E-03
     6     -6.7015497179E-03   2.3108248466E-01   2.5148549392E-01   1.1086567542E-01
     7     -1.5774235700E-02   2.5148549392E-01   3.0394860676E-01   9.3118746058E-02
     8      4.5846183066E-03   1.1086567542E-01   9.3118746058E-02   7.8662016906E-02

$vibrational_frequencies
9
    0        0.0000000000000000
    1        0.0000000000000000
    2        0.0000000000000000
    3        0.0000000000000000
    4        0.0000000000000000
    5        0.0000000000000000
    6     1666.7724981676324205
    7     3904.7294774496831451
    8     4011.9677247604504373

$normal_modes
9 9
                    0                  1                  2                  3                  4        
    0      0.0000000000E+00   0.0000000000E+00   0.0000000000E+00   0.0000000000E+00   0.0000000000E+00
    1      0.0000000000E+00   0.0000000000E+00   0.0000000000E+00   0.0000000000E+00   0.0000000000E+00
    2      0.0000000000E+00   0.0000000000E+00   0.0000000000E+00   0.0000000000E+00   0.0000000000E+00
    3      0.0000000000E+00   0.0000000000E+00   0.0000000000E+00   0.0000000000E+00   0.0000000000E+00
    4      0.0000000000E+00   0.0000000000E+00   0.0000000000E+00   0.0000000000E+00   0.0000000000E+00
    5      0.0000000000E+00   0.0000000000E+00   0.0000000000E+00   0.0000000000E+00   0.0000000000E+00
    6      0.0000000000E+00   0.0000000000E+00   0.0000000000E+00   0.0000000000E+00   0.0000000000E+00
    7      0.0000000000E+00   0.0000000000E+00   0.0000000000E+00   0.0000000000E+00   0.0000000000E+00
    8      0.0000000000E+00   0.0000000000E+00   0.0000000000E+00   0.0000000000E+00   0.0000000000E+00
                    5                  6                  7                  8        
     0      0.0000000000E+00   3.9375178266E-02   2.8706025793E-02  -2.5896227436E-02
     1      0.0000000000E+00   5.6268230416E-04   3.8580215072E-04  -6.1626906967E-02
     2      0.0000000000E+00   5.7710499432E-02   4.2095583037E-02   1.8246109848E-02
     3      0.0000000000E+00  -4.7537566682E-01  -1.1610373611E-02  -4.3571829466E-02
     4      0.0000000000E+00  -3.9227631949E-01   5.1184680967E-01   4.8531809338E-01
     5      0.0000000000E+00  -3.4306984899E-01  -4.8677127753E-01  -5.0969564095E-01
     6      0.0000000000E+00  -1.4958810011E-01  -4.4401235126E-01   4.5459736792E-01
     7      0.0000000000E+00   3.8334541256E-01  -5.1797027059E-01   4.9282564130E-01
     8      0.0000000000E+00  -5.7291257206E-01  -1.8137081872E-01   2.2009295102E-01

#
# The atoms: label  mass x y z (in bohrs)
#
$atoms
3
 O     15.99900     -3.701056356529     3.442120941427    -0.752576129228
 H      1.00800     -3.589293805124     2.196305866171     0.555688150171
 H      1.00800     -2.535023490156     4.706116032591    -0.187957379828

$actual_temperature
  0.000000

$frequency_scale_factor
  1.000000

$dipole_derivatives
9
   -5.6008668374E-01    9.1405146929E-02    1.6964345436E-01
    9.0760489447E-02   -5.1850431081E-01   -5.9752096418E-02
    1.6969711140E-01   -6.0247646397E-02   -4.2573621526E-01
    3.1234862845E-01    8.5863095737E-03   -8.4941074858E-02
   -1.9739834803E-02    2.6090108763E-01    6.7383383042E-02
   -5.9544137993E-02    1.0844977315E-01    1.7842177543E-01
    2.4773805529E-01   -9.9991456503E-02   -8.4702379503E-02
   -7.1020654644E-02    2.5760322318E-01   -7.6312866234E-03
   -1.1015297340E-01   -4.8202126753E-02    2.4731443983E-01

#
# The IR spectrum
#  wavenumber eps Int TX TY TZ
#
$ir_spectrum
9
      0.00   0.00000000   0.00000000     0.000000     0.000000     0.000000
      0.00   0.00000000   0.00000000     0.000000     0.000000     0.000000
      0.00   0.00000000   0.00000000     0.000000     0.000000     0.000000
      0.00   0.00000000   0.00000000     0.000000     0.000000     0.000000
      0.00   0.00000000   0.00000000     0.000000     0.000000     0.000000
      0.00   0.00000000   0.00000000     0.000000     0.000000     0.000000
   1666.77   0.01012426  51.16384609    -0.024436    -0.000453    -0.036031
   3904.73   0.00125056   6.31982637    -0.005689     0.000030    -0.008221
   4011.97   0.00658509  33.27833384     0.008551     0.020079    -0.005994


$end

