
$orca_hessian_file

$act_atom
  0

$act_coord
  0

$act_energy
      -76.501157

$multiplicity
  1

$hessian
12
                    0                  1                  2                  3                  4        
    0      7.5576395862E-01   5.5977293782E-02   3.5630527458E-01  -3.2332106073E-01   1.5167856323E-01
    1      5.5977293782E-02   9.0041660060E-01  -1.2166206300E-01   1.5160078563E-01  -1.8974989980E-01
    2      3.5630527458E-01  -1.2166206300E-01   1.4228694659E-01  -1.7940763057E-01   1.0219561967E-01
    3     -3.2332106073E-01   1.5160078563E-01  -1.7940763057E-01   3.2013276479E-01  -1.6533465016E-01
    4      1.5167856323E-01  -1.8974989980E-01   1.0219561967E-01  -1.6533465016E-01   1.7005565881E-01
    5     -1.8006398078E-01   1.0253976099E-01  -8.6039971096E-02   1.7621534398E-01  -1.0410656696E-01
    6     -7.4830345031E-02  -2.4885752274E-02  -3.6623332333E-02   1.1771717171E-02   2.6490424014E-02
    7     -2.5180653471E-02  -5.1091675343E-01   6.8845965263E-02  -1.4248318318E-03  -1.4617716057E-03
    8     -3.6653747552E-02   6.8301541264E-02  -1.3843678660E-02   7.6925444369E-03   1.1938527547E-02
    9     -3.5761255286E-01  -1.8269232714E-01  -1.4027431168E-01  -8.5834212301E-03  -1.2834337083E-02
   10     -1.8247520354E-01  -1.9974994737E-01  -4.9379521927E-02   1.5158696363E-02   2.1156012600E-02
   11     -1.3958754625E-01  -4.9179239256E-02  -4.2403296836E-02  -4.5002578517E-03  -1.0027580252E-02
                    5                  6                  7                  8                  9        
    0     -1.8006398078E-01  -7.4830345031E-02  -2.5180653471E-02  -3.6653747552E-02  -3.5761255286E-01
    1      1.0253976099E-01  -2.4885752274E-02  -5.1091675343E-01   6.8301541264E-02  -1.8269232714E-01
    2     -8.6039971096E-02  -3.6623332333E-02   6.8845965263E-02  -1.3843678660E-02  -1.4027431168E-01
    3      1.7621534398E-01   1.1771717171E-02  -1.4248318318E-03   7.6925444369E-03  -8.5834212301E-03
    4     -1.0410656696E-01   2.6490424014E-02  -1.4617716057E-03   1.1938527547E-02  -1.2834337083E-02
    5      9.3605034762E-02   3.4957599701E-03  -1.1941469827E-03  -2.7064060571E-03   3.5287682676E-04
    6      3.4957599701E-03   5.3412167453E-02   2.4423939634E-02   2.2813203419E-02   9.6464604070E-03
    7     -1.1941469827E-03   2.4423939634E-02   5.1459440310E-01  -6.8186119118E-02   2.1815456705E-03
    8     -2.7064060571E-03   2.2813203419E-02  -6.8186119118E-02   1.6395478051E-02   6.1479996974E-03
    9      3.5287682676E-04   9.6464604070E-03   2.1815456705E-03   6.1479996974E-03   3.5654951368E-01
   10      2.7609529437E-03  -2.6028611375E-02  -2.2158780672E-03  -1.2053949693E-02   1.9334511855E-01
   11     -4.8586576093E-03   1.0314368942E-02   5.3430083685E-04   1.5460666596E-04   1.3377343516E-01
                   10                 11        
     0     -1.8247520354E-01  -1.3958754625E-01
     1     -1.9974994737E-01  -4.9179239256E-02
     2     -4.9379521927E-02  -4.2403296836E-02
     3      1.5158696363E-02  -4.5002578517E-03
     4      2.1156012600E-02  -1.0027580252E-02
     5      2.7609529437E-03  -4.8586576093E-03
     6     -2.6028611375E-02   1.0314368942E-02
     7     -2.2158780672E-03   5.3430083685E-04
     8     -1.2053949693E-02   1.5460666596E-04
     9      1.9334511855E-01   1.3377343516E-01
    10      1.8080981284E-01   5.8672518674E-02
    11      5.8672518674E-02   4.7107347779E-02

$vibrational_frequencies
12
    0        0.0000000000000000
    1        0.0000000000000000
    2        0.0000000000000000
    3        0.0000000000000000
    4        0.0000000000000000
    5        0.0000000000000000
    6     -646.3262544543099466
    7     1656.3094424767798500
    8     1656.8453141183670141
    9     3701.6997610814796644
   10     3881.4556865641779950
   11     3883.1444793088103324

$normal_modes
12 12
                    0                  1                  2                  3                  4        
    0      0.0000000000E+00   0.0000000000E+00   0.0000000000E+00   0.0000000000E+00   0.0000000000E+00
    1      0.0000000000E+00   0.0000000000E+00   0.0000000000E+00   0.0000000000E+00   0.0000000000E+00
    2      0.0000000000E+00   0.0000000000E+00   0.0000000000E+00   0.0000000000E+00   0.0000000000E+00
    3      0.0000000000E+00   0.0000000000E+00   0.0000000000E+00   0.0000000000E+00   0.0000000000E+00
    4      0.0000000000E+00   0.0000000000E+00   0.0000000000E+00   0.0000000000E+00   0.0000000000E+00
    5      0.0000000000E+00   0.0000000000E+00   0.0000000000E+00   0.0000000000E+00   0.0000000000E+00
    6      0.0000000000E+00   0.0000000000E+00   0.0000000000E+00   0.0000000000E+00   0.0000000000E+00
    7      0.0000000000E+00   0.0000000000E+00   0.0000000000E+00   0.0000000000E+00   0.0000000000E+00
    8      0.0000000000E+00   0.0000000000E+00   0.0000000000E+00   0.0000000000E+00   0.0000000000E+00
    9      0.0000000000E+00   0.0000000000E+00   0.0000000000E+00   0.0000000000E+00   0.0000000000E+00
   10      0.0000000000E+00   0.0000000000E+00   0.0000000000E+00   0.0000000000E+00   0.0000000000E+00
   11      0.0000000000E+00   0.0000000000E+00   0.0000000000E+00   0.0000000000E+00   0.0000000000E+00
                    5                  6                  7                  8                  9        
    0      0.0000000000E+00  -4.4773072048E-02  -5.8730179604E-02  -2.3186904682E-02  -3.2506402475E-04
    1      0.0000000000E+00   1.5313249155E-02  -2.9296823318E-02   6.2052585577E-02   2.9159615732E-04
    2      0.0000000000E+00   9.7617053308E-02  -2.2328910297E-02  -2.0394721061E-02  -5.3712221186E-04
    3      0.0000000000E+00   2.3819086255E-01   2.9185655381E-01  -2.8235882441E-01   4.4556823372E-01
    4      0.0000000000E+00  -8.2060500175E-02   5.9215186068E-01  -3.7605016188E-01  -2.8198769714E-01
    5      0.0000000000E+00  -5.1570820952E-01   4.2615315466E-02  -6.8132586941E-02   2.5039600513E-01
    6      0.0000000000E+00   2.3698568844E-01   6.6938825603E-01   3.0986752903E-01   2.6024445163E-02
    7      0.0000000000E+00  -7.8907741155E-02  -2.1602486962E-02   7.3835942283E-02   5.6829339989E-01
    8      0.0000000000E+00  -5.1677368686E-01   3.1148052270E-01   1.2822355818E-01  -7.5299221805E-02
    9      0.0000000000E+00   2.3546271458E-01  -2.9078000842E-02   3.4051439857E-01  -4.6643325495E-01
   10      0.0000000000E+00  -8.2084013862E-02  -1.0554949646E-01  -6.8268589613E-01  -2.9093392391E-01
   11      0.0000000000E+00  -5.1689829794E-01   3.0915770858E-04   2.6361452702E-01  -1.6657156679E-01
                   10                 11        
     0     -5.5819605338E-02  -4.3400483970E-02
     1      4.3176623887E-02  -6.3579504911E-02
     2     -3.2358166437E-02  -9.9538099197E-03
     3      6.1471190734E-01   5.7104627402E-02
     4     -3.8979560537E-01  -2.7473434145E-02
     5      3.4609536113E-01   3.0805225119E-02
     6     -1.5594001066E-02   3.3787764552E-02
     7     -4.6665064657E-01   6.6068140968E-01
     8      6.4108945182E-02  -8.5409356499E-02
     9      2.8685219869E-01   5.9796112296E-01
    10      1.7114584959E-01   3.7592744021E-01
    11      1.0338528180E-01   2.1259123942E-01

#
# The atoms: label  mass x y z (in bohrs)
#
$atoms
4
 O     15.99900      2.757480777585     4.324867473509     0.366233778964
 H      1.00800      4.160711906193     3.436950041796     1.156002060534
 H      1.00800      2.839986704879     6.145767256858     0.125800804466
 H      1.00800      1.263807024434     3.394415118220    -0.166137976183

$actual_temperature
  0.000000

$frequency_scale_factor
  1.000000

$dipole_derivatives
12
   -5.6223737897E-01   -3.3021022397E-04   -2.6090830573E-03
   -3.2023188110E-04   -5.6357633666E-01    9.0437429536E-04
   -2.6434403507E-03    9.3778556788E-04   -5.5754111831E-01
    5.7196078236E-01   -1.1845341902E-01    4.2220680008E-02
   -1.1840474869E-01    4.4544969717E-01   -4.2616838807E-02
    4.2434338522E-02   -4.2640319863E-02    5.4516688652E-01
    3.9831520468E-01    5.0677744964E-03   -5.6511506499E-02
    5.0200145819E-03    6.6701759891E-01   -2.0689466187E-02
   -5.6132509439E-02   -2.0763880187E-02    4.9618154947E-01
   -4.0803860807E-01    1.1371585475E-01    1.6899909548E-02
    1.1370496599E-01   -5.4889095942E-01    6.2401930699E-02
    1.6341611268E-02    6.2466414482E-02   -4.8380731768E-01

#
# The IR spectrum
#  wavenumber eps Int TX TY TZ
#
$ir_spectrum
12
      0.00   0.00000000   0.00000000     0.000000     0.000000     0.000000
      0.00   0.00000000   0.00000000     0.000000     0.000000     0.000000
      0.00   0.00000000   0.00000000     0.000000     0.000000     0.000000
      0.00   0.00000000   0.00000000     0.000000     0.000000     0.000000
      0.00   0.00000000   0.00000000     0.000000     0.000000     0.000000
      0.00   0.00000000   0.00000000     0.000000     0.000000     0.000000
   -646.33   0.00000000   0.00000000     0.000000     0.000000     0.000000
   1656.31   0.04313615 217.99241045     0.069822     0.051559     0.024368
   1656.85   0.02826866 142.85824378    -0.037134     0.057212    -0.025927
   3701.70   0.06394051 323.12911540     0.059827     0.036552     0.021796
   3881.46   0.10635156 537.45720293     0.039908    -0.077607     0.030578
   3883.14   0.02359168 119.22270577    -0.013607     0.039573    -0.012031


$end

