
$orca_hessian_file

$act_atom
  0

$act_coord
  0

$act_energy
     -200.544359

$multiplicity
  1

$hessian
12
                    0                  1                  2                  3                  4        
    0      2.6115641645E-02  -1.2003977363E-02   6.4944892264E-02  -1.2309265395E-02   1.2065019144E-02
    1     -1.2003977363E-02   2.1702377345E-02  -1.0727884085E-01   1.1991559837E-02  -2.0159151295E-02
    2      6.4944892264E-02  -1.0727884085E-01   6.1036365873E-01  -6.7255243997E-02   1.0738771660E-01
    3     -1.2309265395E-02   1.1991559837E-02  -6.7255243997E-02   1.1908925375E-02  -1.2541919441E-02
    4      1.2065019144E-02  -2.0159151295E-02   1.0738771660E-01  -1.2541919441E-02   1.9558904128E-02
    5     -6.7661442916E-02   1.0739925732E-01  -6.0905250544E-01   7.0406402998E-02  -1.0784431267E-01
    6     -1.7726094448E-03  -1.0235576962E-03   5.5285011593E-03  -1.7438263322E-04   1.0051868563E-03
    7     -9.5026504873E-04  -4.5260718110E-03  -2.2197044493E-04   1.0180277102E-03   1.8829991331E-03
    8      5.1056589311E-03  -2.0682339192E-04  -4.2788078395E-03  -5.5143705699E-03   6.8621141654E-04
    9     -1.2033766805E-02   1.0359752177E-03  -3.2181494287E-03   5.7472265358E-04  -5.2828654126E-04
   10      8.8922327301E-04   2.9828457606E-03   1.1309468677E-04  -4.6766812349E-04  -1.2827519661E-03
   11     -2.3891082764E-03   8.6406930289E-05   2.9676545474E-03   2.3632115740E-03  -2.2961534646E-04
                    5                  6                  7                  8                  9        
    0     -6.7661442916E-02  -1.7726094448E-03  -9.5026504873E-04   5.1056589311E-03  -1.2033766805E-02
    1      1.0739925732E-01  -1.0235576962E-03  -4.5260718110E-03  -2.0682339192E-04   1.0359752177E-03
    2     -6.0905250544E-01   5.5285011593E-03  -2.2197044493E-04  -4.2788078395E-03  -3.2181494287E-03
    3      7.0406402998E-02  -1.7438263322E-04   1.0180277102E-03  -5.5143705699E-03   5.7472265358E-04
    4     -1.0784431267E-01   1.0051868563E-03   1.8829991331E-03   6.8621141654E-04  -5.2828654126E-04
    5      6.1046617352E-01  -5.4425684105E-03   6.8406828689E-04  -9.6588226765E-04   2.6976083227E-03
    6     -5.4425684105E-03   5.9073957972E-01   3.3626355714E-03  -1.4338700876E-01  -5.8879258764E-01
    7      6.8406828689E-04   3.3626355714E-03   7.6300791188E-03  -1.2651540599E-03  -3.4303982373E-03
    8     -9.6588226765E-04  -1.4338700876E-01  -1.2651540599E-03   4.5194964255E-02   1.4379572041E-01
    9      2.6976083227E-03  -5.8879258764E-01  -3.4303982373E-03   1.4379572041E-01   6.0025163179E-01
   10     -2.3901293723E-04  -3.3442647270E-03  -4.9870064409E-03   7.8576603918E-04   2.9227095692E-03
   11     -4.4778580964E-04   1.4330107600E-01   8.0305621394E-04  -3.9950274148E-02  -1.4327517930E-01
                   10                 11        
     0      8.8922327301E-04  -2.3891082764E-03
     1      2.9828457606E-03   8.6406930289E-05
     2      1.1309468677E-04   2.9676545474E-03
     3     -4.6766812349E-04   2.3632115740E-03
     4     -1.2827519661E-03  -2.2961534646E-04
     5     -2.3901293723E-04  -4.4778580964E-04
     6     -3.3442647270E-03   1.4330107600E-01
     7     -4.9870064409E-03   8.0305621394E-04
     8      7.8576603918E-04  -3.9950274148E-02
     9      2.9227095692E-03  -1.4327517930E-01
    10      3.2869126464E-03  -6.5984779324E-04
    11     -6.5984779324E-04   3.7430405410E-02

$vibrational_frequencies
12
    0        0.0000000000000000
    1        0.0000000000000000
    2        0.0000000000000000
    3        0.0000000000000000
    4        0.0000000000000000
    5        0.0000000000000000
    6      125.1499518264247541
    7      209.8253237161331697
    8      469.1835050848570745
    9      590.1537543184865626
   10     4151.0188799160750932
   11     4201.0319053296207130

$normal_modes
12 12
                    0                  1                  2                  3                  4        
    0      0.0000000000E+00   0.0000000000E+00   0.0000000000E+00   0.0000000000E+00   0.0000000000E+00
    1      0.0000000000E+00   0.0000000000E+00   0.0000000000E+00   0.0000000000E+00   0.0000000000E+00
    2      0.0000000000E+00   0.0000000000E+00   0.0000000000E+00   0.0000000000E+00   0.0000000000E+00
    3      0.0000000000E+00   0.0000000000E+00   0.0000000000E+00   0.0000000000E+00   0.0000000000E+00
    4      0.0000000000E+00   0.0000000000E+00   0.0000000000E+00   0.0000000000E+00   0.0000000000E+00
    5      0.0000000000E+00   0.0000000000E+00   0.0000000000E+00   0.0000000000E+00   0.0000000000E+00
    6      0.0000000000E+00   0.0000000000E+00   0.0000000000E+00   0.0000000000E+00   0.0000000000E+00
    7      0.0000000000E+00   0.0000000000E+00   0.0000000000E+00   0.0000000000E+00   0.0000000000E+00
    8      0.0000000000E+00   0.0000000000E+00   0.0000000000E+00   0.0000000000E+00   0.0000000000E+00
    9      0.0000000000E+00   0.0000000000E+00   0.0000000000E+00   0.0000000000E+00   0.0000000000E+00
   10      0.0000000000E+00   0.0000000000E+00   0.0000000000E+00   0.0000000000E+00   0.0000000000E+00
   11      0.0000000000E+00   0.0000000000E+00   0.0000000000E+00   0.0000000000E+00   0.0000000000E+00
                    5                  6                  7                  8                  9        
    0      0.0000000000E+00  -5.6576597923E-02  -3.0713962943E-01  -6.7682232420E-04   2.6876962333E-02
    1      0.0000000000E+00   4.3722726604E-03   1.0173480933E-02  -3.0682585107E-02   3.9638568497E-03
    2      0.0000000000E+00  -1.4957651105E-02  -1.2113173344E-03  -5.4566790189E-03  -2.6187854641E-02
    3      0.0000000000E+00  -8.7885608778E-01   6.3636007523E-01   4.6954105462E-03  -4.9726082700E-01
    4      0.0000000000E+00   1.6040595827E-02  -3.2150293533E-03   2.5590373471E-01   4.9535208443E-03
    5      0.0000000000E+00   8.0961201297E-02  -1.0808869760E-01   4.4660421669E-02   3.8531904789E-02
    6      0.0000000000E+00  -1.3190560431E-02   3.8282070186E-01   3.5354926537E-02   2.0058700146E-01
    7      0.0000000000E+00   7.6280035862E-02  -9.8775644809E-02   9.4935316192E-01  -1.5376944249E-01
    8      0.0000000000E+00  -4.4643153128E-01   5.1780210718E-01   1.6691795979E-01   8.2788135227E-01
    9      0.0000000000E+00   1.0390700225E-01   2.5306371495E-01  -1.4481771378E-03  -1.1135978221E-02
   10      0.0000000000E+00  -9.2706407382E-03  -4.7620376464E-03  -3.3266196438E-02   3.9320505629E-03
   11      0.0000000000E+00   3.4348855053E-02  -2.0527345517E-02  -5.7692925839E-03  -1.9782487664E-02
                   10                 11        
     0      2.2194781586E-03  -5.3512632473E-03
     1     -3.1414648895E-03   8.5820927423E-03
     2      1.7722277363E-02  -4.8563721000E-02
     3     -4.1559961197E-02   1.0532957870E-01
     4      5.9683318487E-02  -1.6219366417E-01
     5     -3.3693340779E-01   9.1704386905E-01
     6     -9.0953832406E-01  -3.3562804061E-01
     7     -5.6557416480E-03  -1.3070473878E-03
     8      2.2604865942E-01   7.8701151368E-02
     9      4.8244100720E-02   1.7570488935E-02
    10      2.7485801228E-04   9.2963434417E-05
    11     -1.1838930360E-02  -4.2687340259E-03

#
# The atoms: label  mass x y z (in bohrs)
#
$atoms
4
 F     18.99800     -2.143983534162     4.604303238434    -0.215028211739
 H      1.00800     -1.953148783076     4.304484827242     1.480782599566
 H      1.00800     -5.571582006222     4.804250410197    -0.767808885602
 F     18.99800     -7.256805755562     4.795323453068    -0.358628596564

$actual_temperature
  0.000000

$frequency_scale_factor
  1.000000

$dipole_derivatives
12
   -5.5159019556E-01    9.2295339577E-03   -2.6615286339E-02
    1.5416856751E-02   -4.0785875943E-01   -1.0751030542E-02
   -6.4985901259E-02   -9.3253557635E-03   -3.4475800535E-01
    4.4845729014E-01   -7.8500871818E-04    3.7756282139E-03
   -5.0508337436E-03    4.4453592463E-01    1.1383823738E-02
    2.8845699424E-02    1.0436967023E-02    3.8180548035E-01
    6.0083897145E-01   -1.5383536242E-02    5.5583292176E-02
   -1.4336787801E-02    4.1246814437E-01   -1.0934129213E-03
    5.1414427013E-02   -9.5705029856E-04    4.0785919399E-01
   -4.9770606603E-01    6.9390110020E-03   -3.2743634050E-02
    3.9707647931E-03   -4.4914530958E-01    4.6061972586E-04
   -1.5274225177E-02   -1.5456096050E-04   -4.4490666898E-01

#
# The IR spectrum
#  wavenumber eps Int TX TY TZ
#
$ir_spectrum
12
      0.00   0.00000000   0.00000000     0.000000     0.000000     0.000000
      0.00   0.00000000   0.00000000     0.000000     0.000000     0.000000
      0.00   0.00000000   0.00000000     0.000000     0.000000     0.000000
      0.00   0.00000000   0.00000000     0.000000     0.000000     0.000000
      0.00   0.00000000   0.00000000     0.000000     0.000000     0.000000
      0.00   0.00000000   0.00000000     0.000000     0.000000     0.000000
    125.15   0.03400683 171.85658414    -0.271370     0.026577    -0.102217
    209.83   0.01922976  97.17930680     0.159159    -0.014507     0.055294
    469.18   0.05400201 272.90400078     0.006741     0.186528     0.032858
    590.15   0.02819604 142.49123612    -0.019959    -0.021037     0.118612
   4151.02   0.06506135 328.79339230    -0.069030     0.004195    -0.010409
   4201.03   0.02991186 151.16228953    -0.014607    -0.007108     0.044250


$end

