
$orca_hessian_file

$act_atom
  0

$act_coord
  0

$act_energy
     -200.397036

$multiplicity
  1

$hessian
12
                    0                  1                  2                  3                  4        
    0      5.0711213883E-01  -4.6201143002E-02   2.2887760533E-01  -4.9021379950E-01   5.5542187523E-02
    1     -4.6201143002E-02   1.5043989306E-02  -2.5825264115E-02   5.6250678872E-02  -1.1726699198E-02
    2      2.2887760533E-01  -2.5825264115E-02   1.1290347254E-01  -2.3033374413E-01   2.6701068124E-02
    3     -4.9021379950E-01   5.6250678872E-02  -2.3033374413E-01   4.8937289134E-01  -5.7833131814E-02
    4      5.5542187523E-02  -1.1726699198E-02   2.6701068124E-02  -5.7833131814E-02   1.6371966998E-02
    5     -2.2979081281E-01   2.6972782250E-02  -1.1424987914E-01   2.3124733862E-01  -3.1184082041E-02
    6     -1.1492848727E-02  -1.2013274748E-02   3.2840510535E-03  -5.7600339852E-03   2.7049814302E-03
    7     -1.2142932555E-02  -4.7866988967E-03   2.9482727480E-03   1.9467212205E-03   1.2355054116E-03
    8      3.3884764884E-03   2.9964506750E-03   3.7135317871E-03  -1.8775551676E-03  -3.8161700585E-03
    9     -5.4054906069E-03   1.9637388705E-03  -1.8279122568E-03   6.6009421450E-03  -4.1403714695E-04
   10      2.8018880408E-03   1.4694087886E-03  -3.8240767572E-03  -3.6426827041E-04  -5.8807732119E-03
   11     -2.4752690104E-03  -4.1439688090E-03  -2.3671251881E-03   9.6396067442E-04   8.2991839757E-03
                    5                  6                  7                  8                  9        
    0     -2.2979081281E-01  -1.1492848727E-02  -1.2142932555E-02   3.3884764884E-03  -5.4054906069E-03
    1      2.6972782250E-02  -1.2013274748E-02  -4.7866988967E-03   2.9964506750E-03   1.9637388705E-03
    2     -1.1424987914E-01   3.2840510535E-03   2.9482727480E-03   3.7135317871E-03  -1.8279122568E-03
    3      2.3124733862E-01  -5.7600339852E-03   1.9467212205E-03  -1.8775551676E-03   6.6009421450E-03
    4     -3.1184082041E-02   2.7049814302E-03   1.2355054116E-03  -3.8161700585E-03  -4.1403714695E-04
    5      1.1823746640E-01  -2.4566441183E-03  -4.1081230100E-03  -2.5713021951E-03   1.0001183148E-03
    6     -2.4566441183E-03   4.9254430955E-01  -6.2600888554E-02   2.3630239348E-01  -4.7529142684E-01
    7     -4.1081230100E-03  -6.2600888554E-02   1.9991957525E-02  -3.6001332005E-02   7.2797099885E-02
    8     -2.5713021951E-03   2.3630239348E-01  -3.6001332005E-02   1.2384988277E-01  -2.3781331479E-01
    9      1.0001183148E-03  -4.7529142684E-01   7.2797099885E-02  -2.3781331479E-01   4.7409597530E-01
   10      8.3194228010E-03   7.1909181875E-02  -1.6440764040E-02   3.6821051389E-02  -7.4346801627E-02
   11     -1.4162850602E-03  -2.3712980042E-01   3.7161182267E-02  -1.2499211236E-01   2.3864110874E-01
                   10                 11        
     0      2.8018880408E-03  -2.4752690104E-03
     1      1.4694087886E-03  -4.1439688090E-03
     2     -3.8240767572E-03  -2.3671251881E-03
     3     -3.6426827041E-04   9.6396067442E-04
     4     -5.8807732119E-03   8.2991839757E-03
     5      8.3194228010E-03  -1.4162850602E-03
     6      7.1909181875E-02  -2.3712980042E-01
     7     -1.6440764040E-02   3.7161182267E-02
     8      3.6821051389E-02  -1.2499211236E-01
     9     -7.4346801627E-02   2.3864110874E-01
    10      2.0852128463E-02  -4.1316397433E-02
    11     -4.1316397433E-02   1.2877552261E-01

$vibrational_frequencies
12
    0        0.0000000000000000
    1        0.0000000000000000
    2        0.0000000000000000
    3        0.0000000000000000
    4        0.0000000000000000
    5        0.0000000000000000
    6      144.9151670949304673
    7      235.4447063342622926
    8      515.3629763080830344
    9      758.2205231928785452
   10     4079.5999394916384517
   11     4112.9394147260909449

$normal_modes
12 12
                    0                  1                  2                  3                  4        
    0      0.0000000000E+00   0.0000000000E+00   0.0000000000E+00   0.0000000000E+00   0.0000000000E+00
    1      0.0000000000E+00   0.0000000000E+00   0.0000000000E+00   0.0000000000E+00   0.0000000000E+00
    2      0.0000000000E+00   0.0000000000E+00   0.0000000000E+00   0.0000000000E+00   0.0000000000E+00
    3      0.0000000000E+00   0.0000000000E+00   0.0000000000E+00   0.0000000000E+00   0.0000000000E+00
    4      0.0000000000E+00   0.0000000000E+00   0.0000000000E+00   0.0000000000E+00   0.0000000000E+00
    5      0.0000000000E+00   0.0000000000E+00   0.0000000000E+00   0.0000000000E+00   0.0000000000E+00
    6      0.0000000000E+00   0.0000000000E+00   0.0000000000E+00   0.0000000000E+00   0.0000000000E+00
    7      0.0000000000E+00   0.0000000000E+00   0.0000000000E+00   0.0000000000E+00   0.0000000000E+00
    8      0.0000000000E+00   0.0000000000E+00   0.0000000000E+00   0.0000000000E+00   0.0000000000E+00
    9      0.0000000000E+00   0.0000000000E+00   0.0000000000E+00   0.0000000000E+00   0.0000000000E+00
   10      0.0000000000E+00   0.0000000000E+00   0.0000000000E+00   0.0000000000E+00   0.0000000000E+00
   11      0.0000000000E+00   0.0000000000E+00   0.0000000000E+00   0.0000000000E+00   0.0000000000E+00
                    5                  6                  7                  8                  9        
    0      0.0000000000E+00  -2.3177221783E-02  -4.0347448226E-01   1.0748909961E-02   2.5146895357E-02
    1      0.0000000000E+00  -3.6775745280E-02  -2.4937888760E-01  -2.2180372372E-02   1.4068391573E-02
    2      0.0000000000E+00   2.0132838314E-02   4.3062790752E-02  -2.8117461105E-02  -1.5283824557E-03
    3      0.0000000000E+00   2.1794498090E-01  -4.6844201402E-01  -2.0720172046E-01  -2.3017333714E-01
    4      0.0000000000E+00   5.4844073666E-01  -3.9658096795E-01   4.2644527659E-01  -5.7196730540E-01
    5      0.0000000000E+00  -3.4862431703E-01   1.3374534644E-01   5.4065368468E-01   3.6523578164E-01
    6      0.0000000000E+00  -2.8904877291E-03   4.0979583348E-01   1.0850659495E-02  -2.6130153643E-02
    7      0.0000000000E+00  -2.2839579478E-02   2.6393295158E-01  -2.2226398607E-02  -1.3055765654E-02
    8      0.0000000000E+00   1.6862809278E-02  -5.2067659254E-02  -2.8221797356E-02   3.1829928509E-04
    9      0.0000000000E+00   2.7335893310E-01   3.4930210285E-01  -1.9989016497E-01   2.4870502455E-01
   10      0.0000000000E+00   5.7514253690E-01   1.2227728985E-01   4.1049900422E-01   5.5288211967E-01
   11      0.0000000000E+00  -3.4864087441E-01   3.5971411307E-02   5.2118483937E-01  -3.4242907521E-01
                   10                 11        
     0     -3.4675945086E-02  -3.2484443290E-02
     1      4.0346041381E-03   3.7101922469E-03
     2     -1.6476450264E-02  -1.5375348729E-02
     3      6.5215188416E-01   6.1244189729E-01
     4     -8.5569576806E-02  -6.9479007346E-02
     5      3.1754937146E-01   2.8950232624E-01
     6      3.1774741516E-02  -3.4282536053E-02
     7     -4.9430799882E-03   5.2547489067E-03
     8      1.6087563322E-02  -1.7287776635E-02
     9     -5.9747225577E-01   6.4593019950E-01
    10      1.0269182304E-01  -9.9485230786E-02
    11     -3.1021993283E-01   3.2610685596E-01

#
# The atoms: label  mass x y z (in bohrs)
#
$atoms
4
 F     18.99800     -9.791317147892     2.209901083074     0.210318170326
 H      1.00800     -8.215679997107     2.030804576213     0.955694470520
 F     18.99800     -5.693202113324     4.675667051698    -0.173323217617
 H      1.00800     -7.243412339395     4.912680931573    -0.954849547123

$actual_temperature
  0.000000

$frequency_scale_factor
  1.000000

$dipole_derivatives
12
   -4.1803163134E-01   -6.2099207232E-02    4.7938578647E-02
   -7.7626540162E-02   -4.7934822988E-01    2.2116008218E-02
    6.0582515838E-02    2.8155381984E-02   -4.1332295471E-01
    4.1989428210E-01    6.5289518428E-02   -4.8845429464E-02
    8.2296479715E-02    4.8039361726E-01   -2.3106565732E-02
   -6.2687611727E-02   -2.9702803466E-02    4.1128446113E-01
   -4.1532960523E-01   -6.3591931820E-02    4.9010624608E-02
   -8.3858015218E-02   -4.7873551275E-01    2.1543583596E-02
    6.5209796970E-02    2.9378325031E-02   -4.0958046796E-01
    4.1346695448E-01    6.0401620624E-02   -4.8103773790E-02
    7.9188075665E-02    4.7769012537E-01   -2.0553026082E-02
   -6.3104701081E-02   -2.7830903549E-02    4.1161896155E-01

#
# The IR spectrum
#  wavenumber eps Int TX TY TZ
#
$ir_spectrum
12
      0.00   0.00000000   0.00000000     0.000000     0.000000     0.000000
      0.00   0.00000000   0.00000000     0.000000     0.000000     0.000000
      0.00   0.00000000   0.00000000     0.000000     0.000000     0.000000
      0.00   0.00000000   0.00000000     0.000000     0.000000     0.000000
      0.00   0.00000000   0.00000000     0.000000     0.000000     0.000000
      0.00   0.00000000   0.00000000     0.000000     0.000000     0.000000
    144.92   0.11545933 583.48410815     0.223107     0.387572    -0.220554
    235.44   0.00081524   4.11987830    -0.014995    -0.025498     0.014337
    515.36   0.06861838 346.76916092    -0.059061     0.120615     0.153342
    758.22   0.00005117   0.25861080     0.000519    -0.003433     0.003001
   4079.60   0.00019029   0.96163690     0.003426     0.001679    -0.000028
   4112.94   0.05284364 267.05008845     0.058436    -0.002424     0.024266


$end

