
$orca_hessian_file

$act_atom
  0

$act_coord
  0

$act_energy
      -76.217280

$multiplicity
  1

$hessian
9
                    0                  1                  2                  3                  4        
    0      2.4999576278E-01   2.3926356335E-01   1.4985295227E-01  -2.2042471289E-02  -1.3698848504E-02
    1      2.3926356335E-01   5.6503702042E-01  -1.6421571124E-01   2.0899652664E-02  -2.7904825243E-01
    2      1.4985295227E-01  -1.6421571124E-01   3.7261439549E-01  -5.1716120431E-02   2.3551460205E-01
    3     -2.2042471289E-02   2.0899652664E-02  -5.1716120431E-02   2.3447254508E-02   6.7346534807E-03
    4     -1.3698848504E-02  -2.7904825243E-01   2.3551460205E-01   6.7346534807E-03   3.0365770344E-01
    5     -1.9894822700E-02   2.8681219072E-01  -2.9271494159E-01   2.8473668300E-02  -2.6850950595E-01
    6     -2.2795329149E-01  -2.6016321601E-01  -9.8136831848E-02  -1.4047832186E-03   6.9641950226E-03
    7     -2.2556471485E-01  -2.8598876799E-01  -7.1298890807E-02  -2.7634306144E-02  -2.4609451013E-02
    8     -1.2995812957E-01  -1.2259647948E-01  -7.9899453898E-02   2.3242452128E-02   3.2994903897E-02
                    5                  6                  7                  8        
     0     -1.9894822700E-02  -2.2795329149E-01  -2.2556471485E-01  -1.2995812957E-01
     1      2.8681219072E-01  -2.6016321601E-01  -2.8598876799E-01  -1.2259647948E-01
     2     -2.9271494159E-01  -9.8136831848E-02  -7.1298890807E-02  -7.9899453898E-02
     3      2.8473668300E-02  -1.4047832186E-03  -2.7634306144E-02   2.3242452128E-02
     4     -2.6850950595E-01   6.9641950226E-03  -2.4609451013E-02   3.2994903897E-02
     5      2.8860883851E-01  -8.5788455971E-03  -1.8302684770E-02   4.1061030764E-03
     6     -8.5788455971E-03   2.2935807471E-01   2.5319902099E-01   1.0671567744E-01
     7     -1.8302684770E-02   2.5319902099E-01   3.1059821900E-01   8.9601575580E-02
     8      4.1061030764E-03   1.0671567744E-01   8.9601575580E-02   7.5793350822E-02

$vibrational_frequencies
9
    0        0.0000000000000000
    1        0.0000000000000000
    2        0.0000000000000000
    3        0.0000000000000000
    4        0.0000000000000000
    5        0.0000000000000000
    6     1679.8617887674106441
    7     3892.9496928779876725
    8     4032.7408697725218190

$normal_modes
9 9
                    0                  1                  2                  3                  4        
    0      0.0000000000E+00   0.0000000000E+00   0.0000000000E+00   0.0000000000E+00   0.0000000000E+00
    1      0.0000000000E+00   0.0000000000E+00   0.0000000000E+00   0.0000000000E+00   0.0000000000E+00
    2      0.0000000000E+00   0.0000000000E+00   0.0000000000E+00   0.0000000000E+00   0.0000000000E+00
    3      0.0000000000E+00   0.0000000000E+00   0.0000000000E+00   0.0000000000E+00   0.0000000000E+00
    4      0.0000000000E+00   0.0000000000E+00   0.0000000000E+00   0.0000000000E+00   0.0000000000E+00
    5      0.0000000000E+00   0.0000000000E+00   0.0000000000E+00   0.0000000000E+00   0.0000000000E+00
    6      0.0000000000E+00   0.0000000000E+00   0.0000000000E+00   0.0000000000E+00   0.0000000000E+00
    7      0.0000000000E+00   0.0000000000E+00   0.0000000000E+00   0.0000000000E+00   0.0000000000E+00
    8      0.0000000000E+00   0.0000000000E+00   0.0000000000E+00   0.0000000000E+00   0.0000000000E+00
                    5                  6                  7                  8        
     0      0.0000000000E+00  -3.9931678495E-02   2.8015807641E-02   2.6128982556E-02
     1      0.0000000000E+00  -5.7181041332E-04   4.6147926785E-04   6.2277923053E-02
     2      0.0000000000E+00  -5.8525059259E-02   4.1005479522E-02  -1.8499204459E-02
     3      0.0000000000E+00   4.7597396014E-01  -3.1481824035E-03   3.7244539281E-02
     4      0.0000000000E+00   3.8325489238E-01   5.1753538261E-01  -4.9128776896E-01
     5      0.0000000000E+00   3.5223144176E-01  -4.7947673690E-01   5.0581602520E-01
     6      0.0000000000E+00   1.5782259168E-01  -4.4151938351E-01  -4.5196437253E-01
     7      0.0000000000E+00  -3.7417910389E-01  -5.2485999254E-01  -4.9718890855E-01
     8      0.0000000000E+00   5.7667969225E-01  -1.7136321040E-01  -2.1219621157E-01

#
# The atoms: label  mass x y z (in bohrs)
#
$atoms
3
 O     15.99900     -3.695592626223     3.442192832943    -0.744562499417
 H      1.00800     -3.599728630158     2.177965573866     0.557084069353
 H      1.00800     -2.530052395428     4.724384433380    -0.197366928820

$actual_temperature
  0.000000

$frequency_scale_factor
  1.000000

$dipole_derivatives
9
   -5.8372074045E-01    9.5260919258E-02    1.4902477437E-01
    9.4552894826E-02   -5.2161153055E-01   -6.2845062920E-02
    1.4908784315E-01   -6.3339272796E-02   -4.6555348634E-01
    3.3098250292E-01    7.7166830237E-03   -6.5973577787E-02
   -7.1699521582E-03    2.6253432628E-01    9.0122309551E-02
   -5.2939490159E-02    1.1132924420E-01    1.9169703607E-01
    2.5273823753E-01   -1.0297760228E-01   -8.3051196580E-02
   -8.7382942668E-02    2.5907720427E-01   -2.7277246631E-02
   -9.6148352992E-02   -4.7989971403E-02    2.7385645027E-01

#
# The IR spectrum
#  wavenumber eps Int TX TY TZ
#
$ir_spectrum
9
      0.00   0.00000000   0.00000000     0.000000     0.000000     0.000000
      0.00   0.00000000   0.00000000     0.000000     0.000000     0.000000
      0.00   0.00000000   0.00000000     0.000000     0.000000     0.000000
      0.00   0.00000000   0.00000000     0.000000     0.000000     0.000000
      0.00   0.00000000   0.00000000     0.000000     0.000000     0.000000
      0.00   0.00000000   0.00000000     0.000000     0.000000     0.000000
   1679.86   0.01588256  80.26397351     0.030522     0.000516     0.044929
   3892.95   0.00085607   4.32621509    -0.004722     0.000001    -0.006807
   4032.74   0.00679684  34.34846366    -0.008627    -0.020359     0.006087


$end

