
$orca_hessian_file

$act_atom
  0

$act_coord
  0

$act_energy
      -56.380984

$multiplicity
  1

$hessian
12
                    0                  1                  2                  3                  4        
    0      6.7773894550E-01   3.2947734661E-02  -1.0228941502E-02  -7.2810910010E-02   9.1917256616E-03
    1      3.2947734661E-02   2.8039813819E-01   1.2475941384E-01  -5.2926684417E-04  -1.7394045363E-02
    2     -1.0228941502E-02   1.2475941384E-01   6.4146231863E-01  -6.2182318680E-02   6.7930020881E-02
    3     -7.2810910010E-02  -5.2926684417E-04  -6.2182318680E-02   7.2434020903E-02  -2.0424753971E-03
    4      9.1917256616E-03  -1.7394045363E-02   6.7930020881E-02  -2.0424753971E-03   2.3838887364E-02
    5     -6.0082051207E-02   5.7384548023E-03  -4.4294285120E-01   6.5063300470E-02  -2.0882776585E-02
    6     -2.8466809873E-01   1.2878871728E-01   1.3519031330E-01   5.3830766284E-03  -1.8574722772E-03
    7      1.7526292523E-01  -1.2020440203E-01  -1.2391486587E-01  -2.1498500842E-03  -3.2900904485E-03
    8      1.1750669635E-01  -8.5283878895E-02  -1.2827983316E-01   3.6281638219E-02  -2.2511536962E-02
    9     -3.2025993676E-01  -1.6120718510E-01  -6.2779053116E-02  -5.0061875210E-03  -5.2917779821E-03
   10     -2.1740238555E-01  -1.4279969080E-01  -6.8774568856E-02   4.7215923202E-03  -3.1547515527E-03
   11     -4.7195703643E-02  -4.5213989751E-02  -7.0239634274E-02  -3.9162620008E-02  -2.4535707333E-02
                    5                  6                  7                  8                  9        
    0     -6.0082051207E-02  -2.8466809873E-01   1.7526292523E-01   1.1750669635E-01  -3.2025993676E-01
    1      5.7384548023E-03   1.2878871728E-01  -1.2020440203E-01  -8.5283878895E-02  -1.6120718510E-01
    2     -4.4294285120E-01   1.3519031330E-01  -1.2391486587E-01  -1.2827983316E-01  -6.2779053116E-02
    3      6.5063300470E-02   5.3830766284E-03  -2.1498500842E-03   3.6281638219E-02  -5.0061875210E-03
    4     -2.0882776585E-02  -1.8574722772E-03  -3.2900904485E-03  -2.2511536962E-02  -5.2917779821E-03
    5      4.7001428396E-01  -8.5871181672E-03   7.9436326964E-03  -1.8654173804E-02   3.6058689030E-03
    6     -8.5871181672E-03   3.0509108823E-01  -1.5029163393E-01  -1.4472054048E-01  -2.5806066130E-02
    7      7.9436326964E-03  -1.5029163393E-01   1.1817437506E-01   1.0358045263E-01  -2.2821441217E-02
    8     -1.8654173804E-02  -1.4472054048E-01   1.0358045263E-01   1.4306781711E-01  -9.0677940962E-03
    9      3.6058689030E-03  -2.5806066130E-02  -2.2821441217E-02  -9.0677940962E-03   3.5107219041E-01
   10      7.2006890857E-03   2.3360388931E-02   5.3201174138E-03   4.2149632274E-03   1.8932040430E-01
   11     -8.4172589551E-03   1.8117345351E-02   1.2390780547E-02   3.8661898519E-03   6.8240978305E-02
                   10                 11        
     0     -2.1740238555E-01  -4.7195703643E-02
     1     -1.4279969080E-01  -4.5213989751E-02
     2     -6.8774568856E-02  -7.0239634274E-02
     3      4.7215923202E-03  -3.9162620008E-02
     4     -3.1547515527E-03  -2.4535707333E-02
     5      7.2006890857E-03  -8.4172589551E-03
     6      2.3360388931E-02   1.8117345351E-02
     7      5.3201174138E-03   1.2390780547E-02
     8      4.2149632274E-03   3.8661898519E-03
     9      1.8932040430E-01   6.8240978305E-02
    10      1.4063432494E-01   5.7358916540E-02
    11      5.7358916540E-02   7.4790703377E-02

$vibrational_frequencies
12
    0        0.0000000000000000
    1        0.0000000000000000
    2        0.0000000000000000
    3        0.0000000000000000
    4        0.0000000000000000
    5        0.0000000000000000
    6     1115.8312352728817132
    7     1723.1990509190245575
    8     1723.5897464700926776
    9     3563.8121068651985297
   10     3719.8826552660243578
   11     3720.0339465909455612

$normal_modes
12 12
                    0                  1                  2                  3                  4        
    0      0.0000000000E+00   0.0000000000E+00   0.0000000000E+00   0.0000000000E+00   0.0000000000E+00
    1      0.0000000000E+00   0.0000000000E+00   0.0000000000E+00   0.0000000000E+00   0.0000000000E+00
    2      0.0000000000E+00   0.0000000000E+00   0.0000000000E+00   0.0000000000E+00   0.0000000000E+00
    3      0.0000000000E+00   0.0000000000E+00   0.0000000000E+00   0.0000000000E+00   0.0000000000E+00
    4      0.0000000000E+00   0.0000000000E+00   0.0000000000E+00   0.0000000000E+00   0.0000000000E+00
    5      0.0000000000E+00   0.0000000000E+00   0.0000000000E+00   0.0000000000E+00   0.0000000000E+00
    6      0.0000000000E+00   0.0000000000E+00   0.0000000000E+00   0.0000000000E+00   0.0000000000E+00
    7      0.0000000000E+00   0.0000000000E+00   0.0000000000E+00   0.0000000000E+00   0.0000000000E+00
    8      0.0000000000E+00   0.0000000000E+00   0.0000000000E+00   0.0000000000E+00   0.0000000000E+00
    9      0.0000000000E+00   0.0000000000E+00   0.0000000000E+00   0.0000000000E+00   0.0000000000E+00
   10      0.0000000000E+00   0.0000000000E+00   0.0000000000E+00   0.0000000000E+00   0.0000000000E+00
   11      0.0000000000E+00   0.0000000000E+00   0.0000000000E+00   0.0000000000E+00   0.0000000000E+00
                    5                  6                  7                  8                  9        
    0      0.0000000000E+00  -9.0066747545E-03  -6.6083737075E-02   4.5646410760E-03   3.1847741712E-03
    1      0.0000000000E+00   1.0966914460E-01  -6.2885130416E-03  -1.9378785842E-02  -3.6444997670E-02
    2      0.0000000000E+00  -3.4200901961E-02  -2.8331536358E-03  -6.3393780661E-02   1.1395608248E-02
    3      0.0000000000E+00   1.2547254306E-02   7.3408307929E-01  -1.5512319740E-01  -8.9988683653E-02
    4      0.0000000000E+00  -5.7193341818E-01  -3.5282615523E-02  -2.8636544419E-01   1.2908529434E-03
    5      0.0000000000E+00  -3.9115166401E-02  -1.2829587528E-01  -3.4463120366E-02  -5.7026598616E-01
    6      0.0000000000E+00  -1.2325519067E-01   2.4192671109E-01   4.0925818623E-01  -4.4630483765E-01
    7      0.0000000000E+00  -4.8190498957E-01  -2.5014192823E-02   3.0916434429E-01   2.3780601422E-01
    8      0.0000000000E+00   2.8534014521E-01   4.9653773914E-01   3.0819012063E-01   2.8039377541E-01
    9      0.0000000000E+00   2.3586318764E-01  -5.7721193950E-02  -3.1756448044E-01   4.9203843022E-01
   10      0.0000000000E+00  -4.7010574740E-01   1.4768093749E-01   2.4648547815E-01   2.6733674629E-01
   11      0.0000000000E+00   2.2902505469E-01  -3.2887283312E-01   6.0718241016E-01   1.3152073780E-01
                   10                 11        
     0     -4.3356493789E-02   6.5766520425E-02
     1      1.6357412427E-02   1.7967512333E-02
     2      6.4003599359E-02   3.9958447488E-02
     3     -1.1120227789E-01  -6.7828232731E-02
     4      4.3542485036E-02   3.9315799124E-02
     5     -5.9957335011E-01  -5.3114356120E-01
     6      5.8855407990E-01  -1.8285887028E-01
     7     -3.6069520530E-01   1.2789566575E-01
     8     -3.4211679838E-01   1.3249701936E-01
     9      1.2512280961E-01  -6.6319350372E-01
    10      8.9852843418E-02  -4.1688502167E-01
    11      5.2306799056E-02  -1.5660938471E-01

#
# The atoms: label  mass x y z (in bohrs)
#
$atoms
4
 N     14.00700     -6.338845115716    -0.682318354295    -0.168361919032
 H      1.00800     -6.036627860435    -0.840667095739     1.714639247014
 H      1.00800     -4.892503707224    -1.600412207615    -1.021214122930
 H      1.00800     -7.914816133441    -1.700481677973    -0.544867534934

$actual_temperature
  0.000000

$frequency_scale_factor
  1.000000

$dipole_derivatives
12
   -3.5936780918E-01    1.8681836017E-02   -5.8387004233E-03
    1.8904585585E-02   -5.8640045495E-01    7.1735284869E-02
   -5.9060058906E-03    7.1693722097E-02   -3.8065946945E-01
    1.6380392433E-01    2.4304688871E-04   -2.8458672621E-02
    1.4564460577E-02    2.6864962842E-01    1.1350560180E-01
   -2.5914510249E-02    2.6520230256E-02    9.4532571588E-03
    9.1697739358E-02    7.6032527921E-02    3.4780068856E-02
    1.4121638738E-01    1.6676362604E-01   -1.1684777343E-01
    1.0154756266E-02   -6.2782036081E-02    1.8385239065E-01
    1.0386614550E-01   -9.4957410826E-02   -4.8269581090E-04
   -1.7468543354E-01    1.5098720049E-01   -6.8393113236E-02
    2.1665759874E-02   -3.5431916272E-02    1.8735382164E-01

#
# The IR spectrum
#  wavenumber eps Int TX TY TZ
#
$ir_spectrum
12
      0.00   0.00000000   0.00000000     0.000000     0.000000     0.000000
      0.00   0.00000000   0.00000000     0.000000     0.000000     0.000000
      0.00   0.00000000   0.00000000     0.000000     0.000000     0.000000
      0.00   0.00000000   0.00000000     0.000000     0.000000     0.000000
      0.00   0.00000000   0.00000000     0.000000     0.000000     0.000000
      0.00   0.00000000   0.00000000     0.000000     0.000000     0.000000
   1115.83   0.03348889 169.23914439     0.007562    -0.092083     0.028800
   1723.20   0.00316244  15.98169074     0.023808     0.002178     0.001058
   1723.59   0.00315883  15.96344226    -0.001610     0.006917     0.022836
   3563.81   0.00004915   0.24836561     0.000117    -0.001981     0.000604
   3719.88   0.00007861   0.39724684     0.001397    -0.000504    -0.002095
   3720.03   0.00007598   0.38396816    -0.002087    -0.000646    -0.001266


$end

