
$orca_hessian_file

$act_atom
  0

$act_coord
  0

$act_energy
      -56.408790

$multiplicity
  1

$hessian
12
                    0                  1                  2                  3                  4        
    0      6.5590861179E-01   3.1096295003E-02  -9.6549102590E-03  -6.9295840664E-02   9.3778392844E-03
    1      3.1096295003E-02   2.8096550337E-01   1.1774612985E-01  -1.8034109289E-06  -1.8883616920E-02
    2     -9.6549102590E-03   1.1774612985E-01   6.2166772143E-01  -6.0891524009E-02   6.8102380914E-02
    3     -6.9295840664E-02  -1.8034109289E-06  -6.0891524009E-02   6.8730386538E-02  -2.4039573741E-03
    4      9.3778392844E-03  -1.8883616920E-02   6.8102380914E-02  -2.4039573741E-03   2.3996346663E-02
    5     -5.8845666731E-02   8.0003161324E-03  -4.3129859314E-01   6.3716956683E-02  -2.2375933068E-02
    6     -2.7607236861E-01   1.2696439831E-01   1.3151822204E-01   5.3308745272E-03  -1.3698897265E-03
    7      1.7186874605E-01  -1.1997548974E-01  -1.1991978420E-01  -2.2629420832E-03  -2.6064498000E-03
    8      1.1443658973E-01  -8.2596878842E-02  -1.2341597050E-01   3.4174877372E-02  -2.1982771417E-02
    9     -3.1054040252E-01  -1.5805888990E-01  -6.0971787775E-02  -4.7654204008E-03  -5.6039921851E-03
   10     -2.1234288034E-01  -1.4210639671E-01  -6.5928726571E-02   4.6687028695E-03  -2.5062799428E-03
   11     -4.5936012737E-02  -4.3149567132E-02  -6.6953157793E-02  -3.7000310045E-02  -2.3743676428E-02
                    5                  6                  7                  8                  9        
    0     -5.8845666731E-02  -2.7607236861E-01   1.7186874605E-01   1.1443658973E-01  -3.1054040252E-01
    1      8.0003161324E-03   1.2696439831E-01  -1.1997548974E-01  -8.2596878842E-02  -1.5805888990E-01
    2     -4.3129859314E-01   1.3151822204E-01  -1.1991978420E-01  -1.2341597050E-01  -6.0971787775E-02
    3      6.3716956683E-02   5.3308745272E-03  -2.2629420832E-03   3.4174877372E-02  -4.7654204008E-03
    4     -2.2375933068E-02  -1.3698897265E-03  -2.6064498000E-03  -2.1982771417E-02  -5.6039921851E-03
    5      4.5760299742E-01  -7.2081095083E-03   7.5966595291E-03  -1.8144710540E-02   2.3368195559E-03
    6     -7.2081095083E-03   2.9587294095E-01  -1.4781156677E-01  -1.4092225130E-01  -2.5131446864E-02
    7      7.5966595291E-03  -1.4781156677E-01   1.1698165388E-01   1.0065043466E-01  -2.1794237197E-02
    8     -1.8144710540E-02  -1.4092225130E-01   1.0065043466E-01   1.3752867531E-01  -7.6892157973E-03
    9      2.3368195559E-03  -2.5131446864E-02  -2.1794237197E-02  -7.6892157973E-03   3.4043726978E-01
   10      6.7789574049E-03   2.2217058184E-02   5.6002856649E-03   3.9292155983E-03   1.8545711928E-01
   11     -8.1596937432E-03   1.6612138773E-02   1.1672690012E-02   4.0320057341E-03   6.6324184013E-02
                   10                 11        
     0     -2.1234288034E-01  -4.5936012737E-02
     1     -1.4210639671E-01  -4.3149567132E-02
     2     -6.5928726571E-02  -6.6953157793E-02
     3      4.6687028695E-03  -3.7000310045E-02
     4     -2.5062799428E-03  -2.3743676428E-02
     5      6.7789574049E-03  -8.1596937432E-03
     6      2.2217058184E-02   1.6612138773E-02
     7      5.6002856649E-03   1.1672690012E-02
     8      3.9292155983E-03   4.0320057341E-03
     9      1.8545711928E-01   6.6324184013E-02
    10      1.3901239099E-01   5.5220553558E-02
    11      5.5220553558E-02   7.1080845802E-02

$vibrational_frequencies
12
    0        0.0000000000000000
    1        0.0000000000000000
    2        0.0000000000000000
    3        0.0000000000000000
    4        0.0000000000000000
    5        0.0000000000000000
    6     1128.6271135499730462
    7     1676.0280043576794924
    8     1676.4791077859074448
    9     3525.5580766473281074
   10     3667.8585535702873131
   11     3668.0124882218697167

$normal_modes
12 12
                    0                  1                  2                  3                  4        
    0      0.0000000000E+00   0.0000000000E+00   0.0000000000E+00   0.0000000000E+00   0.0000000000E+00
    1      0.0000000000E+00   0.0000000000E+00   0.0000000000E+00   0.0000000000E+00   0.0000000000E+00
    2      0.0000000000E+00   0.0000000000E+00   0.0000000000E+00   0.0000000000E+00   0.0000000000E+00
    3      0.0000000000E+00   0.0000000000E+00   0.0000000000E+00   0.0000000000E+00   0.0000000000E+00
    4      0.0000000000E+00   0.0000000000E+00   0.0000000000E+00   0.0000000000E+00   0.0000000000E+00
    5      0.0000000000E+00   0.0000000000E+00   0.0000000000E+00   0.0000000000E+00   0.0000000000E+00
    6      0.0000000000E+00   0.0000000000E+00   0.0000000000E+00   0.0000000000E+00   0.0000000000E+00
    7      0.0000000000E+00   0.0000000000E+00   0.0000000000E+00   0.0000000000E+00   0.0000000000E+00
    8      0.0000000000E+00   0.0000000000E+00   0.0000000000E+00   0.0000000000E+00   0.0000000000E+00
    9      0.0000000000E+00   0.0000000000E+00   0.0000000000E+00   0.0000000000E+00   0.0000000000E+00
   10      0.0000000000E+00   0.0000000000E+00   0.0000000000E+00   0.0000000000E+00   0.0000000000E+00
   11      0.0000000000E+00   0.0000000000E+00   0.0000000000E+00   0.0000000000E+00   0.0000000000E+00
                    5                  6                  7                  8                  9        
    0      0.0000000000E+00  -8.9790380813E-03  -6.5630501322E-02   4.1274428915E-03   3.2286185344E-03
    1      0.0000000000E+00   1.0943742629E-01  -6.1098222541E-03  -1.9271599320E-02  -3.6966411797E-02
    2      0.0000000000E+00  -3.4125611330E-02  -2.4285830160E-03  -6.2948437932E-02   1.1577810839E-02
    3      0.0000000000E+00   1.1960951412E-02   7.3395314062E-01  -1.5079173154E-01  -9.0096579631E-02
    4      0.0000000000E+00  -5.7172138950E-01  -3.4058137428E-02  -2.8870071389E-01   4.0201831057E-03
    5      0.0000000000E+00  -4.2154651391E-02  -1.2853492026E-01  -3.8186579620E-02  -5.7037538539E-01
    6      0.0000000000E+00  -1.2569077178E-01   2.3701197418E-01   4.1198676194E-01  -4.4579004333E-01
    7      0.0000000000E+00  -4.8047716428E-01  -2.7662494168E-02   3.0921084436E-01   2.4008755849E-01
    8      0.0000000000E+00   2.8667728878E-01   4.9598888960E-01   3.0908246873E-01   2.7905321267E-01
    9      0.0000000000E+00   2.3850103704E-01  -5.8974606854E-02  -3.1854928892E-01   4.9102227791E-01
   10      0.0000000000E+00  -4.6852568243E-01   1.4662170333E-01   2.4728480174E-01   2.6957135566E-01
   11      0.0000000000E+00   2.2968117005E-01  -3.3370678451E-01   6.0382511298E-01   1.3043884295E-01
                   10                 11        
     0     -3.2240341703E-02   7.1914090756E-02
     1      1.9049530166E-02   1.5118958251E-02
     2      6.9625672292E-02   2.9166847561E-02
     3     -1.1976404970E-01  -5.0651148347E-02
     4      5.2727461093E-02   3.3879978727E-02
     5     -6.7694807745E-01  -4.2745923497E-01
     6      5.5030410047E-01  -2.7561623463E-01
     7     -3.3874242208E-01   1.8529097835E-01
     8     -3.1530199984E-01   1.8359886041E-01
     9      1.7466364147E-02  -6.7303883649E-01
    10      2.1305864728E-02  -4.2926148110E-01
    11      2.4743339396E-02  -1.6143727801E-01

#
# The atoms: label  mass x y z (in bohrs)
#
$atoms
4
 N     14.00700     -6.339325844993    -0.676432929119    -0.170198066073
 H      1.00800     -6.036617649427    -0.842949531529     1.714253071605
 H      1.00800     -4.893179261986    -1.602245230871    -1.019961867578
 H      1.00800     -7.913670060410    -1.702251644102    -0.543897467837

$actual_temperature
  0.000000

$frequency_scale_factor
  1.000000

$dipole_derivatives
12
   -3.4596125837E-01    1.9113706612E-02   -5.9687758298E-03
    1.9361285852E-02   -5.7904703951E-01    7.3462252540E-02
   -6.0542454043E-03    7.3553191352E-02   -3.6813349426E-01
    1.6214458881E-01    2.6756160139E-04   -2.7929929343E-02
    1.2397046023E-02    2.6224033947E-01    9.8791998682E-02
   -2.6043594842E-02    2.7106872529E-02    6.7916400675E-03
    8.7487778231E-02    7.6864001412E-02    3.6332812824E-02
    1.3072831541E-01    1.6623763725E-01   -1.0864670097E-01
    1.5838792798E-02   -6.3868159640E-02    1.7760668485E-01
    9.6328891330E-02   -9.6245269625E-02   -2.4341076515E-03
   -1.6248664729E-01    1.5056906278E-01   -6.3607550250E-02
    1.6259047447E-02   -3.6791904242E-02    1.8373516934E-01

#
# The IR spectrum
#  wavenumber eps Int TX TY TZ
#
$ir_spectrum
12
      0.00   0.00000000   0.00000000     0.000000     0.000000     0.000000
      0.00   0.00000000   0.00000000     0.000000     0.000000     0.000000
      0.00   0.00000000   0.00000000     0.000000     0.000000     0.000000
      0.00   0.00000000   0.00000000     0.000000     0.000000     0.000000
      0.00   0.00000000   0.00000000     0.000000     0.000000     0.000000
      0.00   0.00000000   0.00000000     0.000000     0.000000     0.000000
   1128.63   0.03291354 166.33154111     0.007431    -0.090771     0.028391
   1676.03   0.00331255  16.74029006     0.024720     0.002178     0.000976
   1676.48   0.00332055  16.78067362    -0.001495     0.007131     0.023770
   3525.56   0.00005133   0.25939008     0.000105    -0.002031     0.000638
   3667.86   0.00005930   0.29967869     0.000915    -0.000533    -0.001981
   3668.01   0.00005616   0.28383399    -0.001978    -0.000488    -0.000792


$end

